e 1 3 314340297.00446
e 1 4 708196447.80416
e 1 5 762686399.18467
e 1 6 318306171.60205
e 1 8 786542551.0677
e 1 10 293357892.49132
e 1 11 716943044.00397
e 1 14 369266275.59193
e 1 15 472683798.46864
e 1 16 829593163.17097
e 1 18 123388961.00517
e 1 19 520547782.42526
e 1 20 687133580.09324
e 1 22 655444063.99539
e 1 23 581819199.58246
e 1 24 580065098.43158
e 1 27 343710500.46506
e 1 30 591044138.45451
e 1 31 542332347.15096
e 1 32 695619853.14459
e 1 34 119027962.06153
e 1 35 470717048.01065
e 1 37 425607147.58844
e 1 38 699978609.05683
e 1 39 389462930.85219
e 1 40 344884193.47316
e 1 42 431844591.04633
e 1 43 790297945.57969
e 2 3 783239688.31061
e 2 5 536067455.8611
e 2 8 609299190.69136
e 2 9 199387874.72192
e 2 10 908945478.91637
e 2 13 862356415.67035
e 2 14 589540468.6542
e 2 15 1004942492.97513
e 2 16 373261152.51795
e 2 17 305315791.40153
e 2 19 358377036.85265
e 2 20 114640349.29634
e 2 22 113580188.90791
e 2 23 52783791.68224
e 2 24 178017726.94098
e 2 25 971434630.413
e 2 27 320939770.94765
e 2 28 590700773.93406
e 2 29 509577855.55243
e 2 30 695883736.33864
e 2 31 307382394.39912
e 2 32 774860881.12791
e 2 33 813372250.63712
e 2 34 562596247.14524
e 2 37 488912117.70374
e 2 38 403232249.82862
e 2 39 681845706.88989
e 2 40 939663011.27074
e 2 41 776169042.8601
e 2 42 1011812203.27635
e 3 5 688394463.34104
e 3 7 294451326.89447
e 3 9 791947191.64848
e 3 11 811277229.13074
e 3 12 428763549.44975
e 3 14 246717108.24206
e 3 16 853438025.08834
e 3 18 228866091.58472
e 3 20 804471630.4317
e 3 21 589838971.51206
e 3 22 768885495.61379
e 3 23 756039272.16557
e 3 25 216852122.82379
e 3 26 498290967.4429
e 3 28 340821983.08254
e 3 31 572916715.12096
e 3 32 482639678.89261
e 3 33 327267990.19014
e 3 35 577851505.50435
e 3 36 553239648.18645
e 3 37 367435627.40834
e 3 38 682069933.26638
e 3 39 183100920.55064
e 3 41 236783070.58863
e 3 42 264624223.41161
e 4 6 472459473.18633
e 4 7 506004666.67657
e 4 10 804460384.88211
e 4 12 99775319.93633
e 4 13 196521634.84817
e 4 14 339609802.10737
e 4 15 684091528.74209
e 4 16 535653597.05646
e 4 17 510448663.77973
e 4 18 699826980.42982
e 4 20 659783727.68664
e 4 21 754782333.58089
e 4 22 631553592.93119
e 4 23 727007971.16006
e 4 24 844704299.20428
e 4 25 547987200.27633
e 4 28 230869323.547
e 4 29 243343944.59369
e 4 30 129987085.29277
e 4 31 410921970.23708
e 4 32 84854657.1679
e 4 33 249434183.4633
e 4 35 533477524.94949
e 4 37 310483990.461
e 4 38 363915324.49479
e 4 42 771603598.7463
e 4 43 147376481.33888
e 5 6 627145522.72554
e 5 7 541082970.03863
e 5 8 77645843.22619
e 5 9 366911995.01364
e 5 11 401569622.74683
e 5 12 332654797.86969
e 5 13 465271399.60305
e 5 14 447296773.69984
e 5 17 444730204.56003
e 5 19 261806899.3113
e 5 21 682544726.19536
e 5 22 430392300.84115
e 5 23 561808322.3249
e 5 25 771362252.56234
e 5 26 216280934.78733
e 5 27 682230243.87371
e 5 29 276489759.72145
e 5 30 344624437.49725
e 5 32 353689682.09697
e 5 33 492333536.94505
e 5 37 344742629.58211
e 5 38 133123978.46743
e 5 41 837379697.47853
e 5 42 951475602.55234
e 5 43 404289017.04661
e 6 8 619900828.1645
e 6 9 736577680.20332
e 6 10 332004990.36619
e 6 13 408146511.62449
e 6 15 278588142.05794
e 6 16 793823308.49931
e 6 18 253893852.83135
e 6 19 467889835.48935
e 6 20 752504013.71886
e 6 21 562614059.00271
e 6 22 716840363.3717
e 6 23 711960580.72199
e 6 24 766521342.0051
e 6 27 564056166.08696
e 6 28 279816528.11307
e 6 30 342580019.42177
e 6 31 515614599.63421
e 6 33 286615518.14198
e 6 36 493880611.72786
e 6 38 621394450.00407
e 6 41 271571790.92093
e 6 42 325833275.59648
e 6 43 513476581.18506
e 7 9 527910308.38404
e 7 11 541451589.64225
e 7 13 540070499.01608
e 7 15 513636571.15137
e 7 16 625263936.32974
e 7 17 192949943.08595
e 7 18 273956093.25063
e 7 19 304291332.94659
e 7 20 524963028.62439
e 7 21 315673995.24289
e 7 24 511202586.57791
e 7 25 497526526.61458
e 7 27 316914545.63865
e 7 28 276957291.83401
e 7 29 283432403.34622
e 7 32 508314701.3455
e 7 33 439980589.59375
e 7 35 296073607.04729
e 7 36 476321507.38209
e 7 37 207153699.78309
e 7 38 483032026.66547
e 7 39 248425193.99281
e 7 40 457731123.82045
e 7 42 523142082.31738
e 8 9 444069159.92014
e 8 10 942723193.0511
e 8 12 291152174.22073
e 8 14 448903174.87996
e 8 16 345934683.93807
e 8 18 809572997.37189
e 8 20 526249406.76368
e 8 22 505553071.81694
e 8 23 632742709.70475
e 8 25 741893291.18073
e 8 26 185733250.4362
e 8 28 341207820.51663
e 8 30 309327610.34568
e 8 32 297940982.48054
e 8 34 822568018.58084
e 8 35 472820389.03862
e 8 36 135047299.05214
e 8 38 208494271.39737
e 8 39 497370917.61418
e 8 41 847318180.78674
e 8 42 939464447.95319
e 9 10 970783774.68967
e 9 11 34704432.56359
e 9 12 609353617.69719
e 9 13 762457931.02601
e 9 14 562014893.95472
e 9 15 1014935841.00605
e 9 17 340099653.75315
e 9 18 795959568.97017
e 9 19 280140608.60029
e 9 20 89875438.20009
e 9 22 87550626.8884
e 9 23 243408058.67656
e 9 24 377062777.00213
e 9 25 950684526.82814
e 9 31 225984544.72235
e 9 32 661806290.29065
e 9 33 739833893.15365
e 9 34 677960595.71499
e 9 35 239741122.86124
e 9 37 442271435.31452
e 9 38 237193138.69075
e 9 40 984470616.48913
e 10 13 724093030.27884
e 10 14 494409020.63554
e 10 15 267030094.68033
e 10 16 1065923169.16395
e 10 17 631680929.08127
e 10 19 738371167.27249
e 10 21 635065208.55462
e 10 24 873416306.13797
e 10 25 396417749.45979
e 10 26 766505247.89534
e 10 31 774232203.07077
e 10 32 761458591.19222
e 10 33 603141023.61506
e 10 34 394940739.82345
e 10 35 734543384.69022
e 10 37 599590361.51272
e 10 39 454256635.33901
e 10 40 87169443.48827
e 10 41 132975234.92987
e 10 42 173752823.93269
e 10 43 837483632.87921
e 11 13 794365295.74215
e 11 14 585148546.77564
e 11 15 1034763415.63969
e 11 17 350834298.20373
e 11 18 806353847.47426
e 11 19 306736240.48918
e 11 21 464839576.32565
e 11 22 71124794.2487
e 11 23 222764247.58119
e 11 24 353315506.26705
e 11 25 974500872.79768
e 11 26 533661670.41312
e 11 27 463519778.20217
e 11 29 460505183.82122
e 11 30 634021505.07466
e 11 31 251679722.90402
e 11 32 694569604.39047
e 11 33 769228433.39162
e 11 34 678845515.62935
e 11 35 248294653.19486
e 11 36 529555029.55399
e 11 37 466944976.11813
e 11 38 271863977.05964
e 11 39 676745156.16815
e 11 40 999003957.92624
e 11 42 1060794926.64556
e 11 43 772228860.0007
e 12 13 153654550.24705
e 12 16 581038221.11104
e 12 22 636338705.58512
e 12 23 712622743.61162
e 12 24 820644396.54982
e 12 26 118821419.16737
e 12 28 157409064.40141
e 12 29 205218891.90561
e 12 31 405173285.17344
e 12 32 76432851.703
e 12 33 161034651.6379
e 12 35 510907753.99407
e 12 36 157290365.39508
e 12 37 255678802.33857
e 12 38 399585422.66415
e 12 40 663676291.85233
e 12 41 635348948.89324
e 12 42 672054292.26693
e 12 43 176593150.04753
e 13 14 354707727.0746
e 13 15 550516521.10548
e 13 16 725757916.66483
e 13 17 609213788.68815
e 13 18 660437610.97189
e 13 19 504761627.33759
e 13 23 862606036.54767
e 13 24 966394324.50626
e 13 25 397778248.40493
e 13 28 286626992.82095
e 13 31 558265395.64918
e 13 32 111795984.19211
e 13 34 791213783.87208
e 13 35 659279019.68856
e 13 37 392692675.33804
e 13 38 547592588.39998
e 13 39 313368285.57244
e 13 40 665945309.91388
e 13 41 679676820.41093
e 13 42 653159595.5769
e 13 43 122729037.05832
e 14 17 292820814.92743
e 14 18 365693659.28945
e 14 20 588035258.9119
e 14 22 552552963.65192
e 14 25 389574321.74114
e 14 26 279341884.58434
e 14 27 489231340.17749
e 14 28 112609302.97615
e 14 30 222775547.86631
e 14 31 337136314.01546
e 14 32 328715875.77984
e 14 33 258091287.92422
e 14 35 374801735.0336
e 14 37 123046113.73156
e 14 38 435451961.73729
e 14 40 474230643.74318
e 14 42 511214267.46811
e 14 43 426134306.41837
e 15 16 1069506457.17803
e 15 17 701550538.38412
e 15 18 354001412.37669
e 15 19 745810438.03046
e 15 20 1028273804.90013
e 15 21 790392850.26598
e 15 22 992694836.18111
e 15 25 159706332.52108
e 15 26 678814822.76422
e 15 27 792082373.69369
e 15 28 538833746.22616
e 15 30 560558000.05837
e 15 31 794125702.98446
e 15 33 443243482.58258
e 15 34 591152438.11562
e 15 35 801360145.35577
e 15 37 583787898.72965
e 15 39 380604688.79336
e 15 42 116418428.59029
e 16 18 899218534.68591
e 16 19 329601965.72553
e 16 20 260637102.25502
e 16 24 551163690.05209
e 16 25 981639027.60734
e 16 26 462800533.55746
e 16 28 541455317.09883
e 16 29 448701938.8258
e 16 30 584386341.9799
e 16 31 292005087.85401
e 16 36 438835913.95183
e 16 37 486330117.40114
e 16 38 184144162.78383
e 16 40 1066858471.19946
e 16 41 944649500.22301
e 16 43 674983660.19537
e 17 18 455947035.90374
e 17 22 297337192.96073
e 17 23 283250584.30477
e 17 24 362112790.59299
e 17 25 667042344.91649
e 17 27 247874376.18149
e 17 28 322839161.64538
e 17 29 268485493.79282
e 17 30 446321388.72046
e 17 31 181989347.41068
e 17 32 543545933.08335
e 17 33 537195056.69376
e 17 34 361131855.33847
e 17 39 382676301.1326
e 17 42 715955639.61635
e 18 19 576213566.10684
e 18 20 782589188.05704
e 18 21 462279972.65491
e 18 22 749285399.63587
e 18 24 698672122.46715
e 18 25 425503883.62255
e 18 26 645029213.76942
e 18 27 464110937.29071
e 18 28 478253406.26107
e 18 29 523510443.61875
e 18 30 574081416.15991
e 18 31 607377476.18285
e 18 33 539647185.19041
e 18 35 558068926.81125
e 18 36 699272578.50107
e 18 38 753164926.44199
e 18 39 355312336.43968
e 18 40 222071069.01652
e 18 41 46917499.76175
e 18 43 760685081.86648
e 19 21 425246958.636
e 19 23 363528560.64178
e 19 24 481100212.91515
e 19 25 672188587.12005
e 19 26 264620201.66625
e 19 27 425102007.16473
e 19 28 246409870.62205
e 19 29 156075029.16156
e 19 31 55644394.97746
e 19 33 465683825.10614
e 19 36 284312654.83426
e 19 41 620494889.0394
e 19 42 786858730.81228
e 20 21 416516827.16376
e 20 23 163693843.76186
e 20 24 292214097.61831
e 20 25 977172275.10282
e 20 26 565232703.83158
e 20 27 415086117.34328
e 20 28 567300116.42862
e 20 29 477926856.81135
e 20 30 657812501.14411
e 20 31 266345196.478
e 20 32 725290177.37357
e 20 34 640679314.76948
e 20 36 566267512.47863
e 20 38 317797393.2637
e 20 39 680695930.26777
e 20 40 982040915.1977
e 20 41 829497904.16025
e 20 42 1047664929.15668
e 20 43 807148887.63319
e 21 22 394118947.37399
e 21 23 271736699.74637
e 21 24 239305809.17881
e 21 26 659731407.96681
e 21 27 1884263.9208
e 21 29 511460307.00065
e 21 32 780846809.83817
e 21 33 746191481.73779
e 21 35 275591474.87288
e 21 36 694441430.16785
e 21 37 449638963.07042
e 21 38 572210791.5374
e 21 39 562534346.66401
e 21 40 684006367.06677
e 21 41 504629973.08384
e 21 42 767607552.61908
e 21 43 880601113.86776
e 22 23 155879224.31105
e 22 24 290199092.11857
e 22 25 941604353.27555
e 22 26 535944200.43586
e 22 27 392775871.42249
e 22 29 444609962.48892
e 22 30 625775152.66782
e 22 32 695384287.75547
e 22 34 612226173.85934
e 22 35 194076533.3431
e 22 37 439638544.78148
e 22 38 297352608.7275
e 22 41 796202672.51647
e 22 42 1012610946.86196
e 22 43 778795218.5727
e 23 24 136529894.50702
e 23 27 270066386.39887
e 23 28 584931196.94593
e 23 29 508833342.62369
e 23 32 779770392.75351
e 23 33 806682414.21839
e 23 34 515282139.33351
e 23 35 204754373.14988
e 23 36 642275880.92741
e 23 37 480522418.12485
e 23 38 430415147.00488
e 23 39 665012308.47745
e 23 40 903387794.39188
e 23 41 736424152.08843
e 23 42 977794777.13426
e 23 43 871161954.93711
e 24 26 745024179.9409
e 24 27 237423603.343
e 24 29 615437934.72341
e 24 30 800780422.17944
e 24 31 439663142.92408
e 24 32 891154956.58352
e 24 33 899165711.19315
e 24 34 491015699.58917
e 24 35 311490318.74788
e 24 36 764551757.27971
e 24 37 575585656.98571
e 24 39 739268564.92555
e 24 40 919246764.57537
e 24 41 742097933.32644
e 24 43 985770895.37976
e 25 26 558023945.29691
e 25 27 804921292.51369
e 25 28 440254295.56536
e 25 29 533198042.99266
e 25 30 432689459.08932
e 25 31 724940391.93481
e 25 32 476904238.75273
e 25 36 606867680.52076
e 25 37 508586869.12185
e 25 38 799760610.20635
e 25 41 417557461.90643
e 25 43 520507203.37904
e 26 27 660020927.33933
e 26 28 166905836.80597
e 26 29 150850183.69343
e 26 30 128344078.69337
e 26 31 312105631.02258
e 26 32 160939862.59623
e 26 33 276330114.02309
e 26 34 693723571.57104
e 26 35 433835936.95471
e 26 36 55256387.1507
e 26 37 223671756.39037
e 26 39 315305574.38375
e 26 40 735025109.32674
e 26 41 679426810.40333
e 26 42 754978090.65086
e 27 29 511839222.36893
e 27 30 679358969.50301
e 27 32 781406890.69882
e 27 33 747144399.7557
e 27 35 274996489.83162
e 27 36 694612046.67271
e 27 37 450188388.17391
e 27 38 571677895.57032
e 27 39 563677175.78985
e 27 40 685827040.74236
e 27 42 769400787.95915
e 28 30 128693468.96542
e 28 31 301970411.826
e 28 32 233812758.09977
e 28 33 222701555.36401
e 28 34 542686707.51551
e 28 35 380178352.17657
e 28 36 221592285.25976
e 28 37 106629280.27044
e 28 38 359686862.52987
e 28 41 512543323.64458
e 28 42 603318328.8346
e 29 30 187029172.96565
e 29 32 276690811.21184
e 29 33 309684641.27837
e 29 34 547090495.31307
e 30 32 106638292.54141
e 30 33 148595770.56487
e 30 34 664625811.32297
e 30 36 174283798.45048
e 30 37 230674036.709
e 30 38 401218531.38698
e 30 39 222083295.90945
e 30 40 633573125.87043
e 30 41 602645829.35288
e 30 43 206030521.83048
e 31 32 467747138.65952
e 31 33 521255290.95524
e 31 34 541866602.35812
e 31 37 216377236.42095
e 31 38 167874210.90472
e 31 39 427259099.22381
e 31 40 777801489.51257
e 31 42 830876394.75911
e 32 34 771072852.51359
e 32 36 177743718.97028
e 32 37 331232133.09912
e 32 40 713284521.99525
e 32 41 698652460.28235
e 33 36 318288378.09469
e 33 39 199721640.19895
e 33 40 547285479.70624
e 33 41 557995079.00858
e 33 42 540143812.56911
e 34 35 444140431.87991
e 34 36 741366076.84089
e 34 42 545173731.18564
e 34 43 868914149.58249
e 35 36 455790920.87093
e 35 38 296967464.94254
e 35 40 753514302.60181
e 35 41 604936295.75464
e 35 42 818694967.97453
e 35 43 674325637.3168
e 36 37 270090082.38325
e 36 38 266337415.9156
e 36 39 370350492.87643
e 36 40 790044104.23286
e 36 42 809034972.91652
e 37 38 315902041.80071
e 37 39 211056207.91877
e 37 40 588243255.4593
e 37 41 492816641.36579
e 37 42 630882374.8031
e 37 43 430970642.53715
e 38 39 513295845.78334
e 38 40 903740868.20192
e 38 43 508674045.60285
e 39 41 381483042.12572
e 39 42 443634907.34356
e 39 43 406127209.40296
e 40 41 183250156.22127
e 40 43 783052020.6403
e 41 43 783871117.79757
e 42 43 773973665.58766
