XXXXXX
XXXXXX
XXXXXX
XXXXXX
XXXXXX
x 124.90797 35.34119 57.24509 77.66595 66.75328 71.50524 106.92053 64.93843 80.09994 
124.90797 x 98.37174 67.74216 55.80323 66.70832 57.48913 47.09565 120.03749 63.95311 
35.34119 98.37174 x 36.49658 63.06346 55.54278 41.23106 92.76314 41.23106 70.77429 
57.24509 67.74216 36.49658 x 26.92582 21.93171 22.09072 56.29387 72.71864 36.40055 
77.66595 55.80323 63.06346 26.92582 x 11.6619 39.40812 30.06659 99.36297 12.64911 
66.75328 66.70832 55.54278 21.93171 11.6619 x 40.16217 40.1995 94.04786 15.23155 
71.50524 57.48913 41.23106 22.09072 39.40812 40.16217 x 62.96825 65.96969 51.62364 
106.92053 47.09565 92.76314 56.29387 30.06659 40.1995 62.96825 x 127.236 27.85678 
64.93843 120.03749 41.23106 72.71864 99.36297 94.04786 65.96969 127.236 x 109.0 
80.09994 63.95311 70.77429 36.40055 12.64911 15.23155 51.62364 27.85678 109.0 x 
