XXXXXX
XXXXXX
XXXXXX
XXXXXX
XXXXXX
x 114.057 105.99057 85.09407 52.47857 56.58622 40.60788 8.24621 111.75867 54.56189 39.11521 62.20129 89.15716 73.24616 97.74457 69.83552 88.09086 130.73638 105.1903 53.03772 74.63243 83.48653 81.22192 117.8813 80.80842 84.17244 62.80127 126.60569 99.63935 109.8954 47.88528 39.81206 62.16912 77.78175 59.00847 131.12589 80.36168 65.0 34.9285 78.29432 35.69314 64.03124 113.28283 74.95332 67.68309 43.82921 60.40695 50.63596 95.70789 31.14482 
114.057 x 35.51056 65.11528 71.58911 113.74093 144.27751 116.82893 29.0 60.92618 80.65358 52.3259 29.15476 103.81715 37.05401 100.65784 41.7732 17.46425 10.29563 76.02631 39.81206 52.88667 93.39165 91.59148 46.61545 65.25335 59.84146 15.81139 42.0119 89.4539 66.28725 77.89737 85.00588 52.92447 71.86793 18.24829 42.05948 97.12878 92.72001 36.23534 106.96261 70.23532 54.40588 80.65358 81.15417 125.4193 89.44272 82.66196 78.05767 98.37174 
105.99057 35.51056 x 34.1321 78.58753 89.10668 127.76932 106.25441 61.7414 62.96825 82.38932 54.34151 23.25941 119.1008 8.24621 72.42237 63.70243 40.5216 28.23119 56.82429 45.69464 25.6125 112.00446 56.08921 25.29822 86.40023 69.64194 50.01 8.60233 54.08327 61.03278 66.21933 97.86215 29.52965 51.10773 39.84972 26.07681 110.49434 95.42536 36.05551 110.45361 47.43416 19.72308 51.61395 54.48853 104.80935 64.3506 62.43397 43.93177 100.17984 
85.09407 65.11528 34.1321 x 75.9276 56.22277 98.79271 83.09633 85.37564 59.46427 73.92564 53.90733 39.11521 119.2057 28.79236 38.41875 77.62087 73.92564 55.44367 32.06244 52.7731 13.15295 116.0431 38.94868 21.84033 95.71834 71.58911 80.80842 25.55386 32.64966 50.77401 47.53946 97.74457 17.0 26.1725 73.40981 28.16026 109.48059 85.86617 44.01136 99.92497 21.09502 30.46309 17.69181 21.9545 73.82412 32.24903 35.22783 16.64332 89.15716 
52.47857 71.58911 78.58753 75.9276 x 85.15868 91.5478 58.60034 61.61169 16.64332 13.41641 24.35159 55.9017 43.27817 71.47027 86.00581 37.01351 89.05055 65.27634 53.7122 34.05877 66.57327 41.67733 114.86514 59.05929 32.75668 12.08305 80.77747 75.96052 108.24509 26.62705 38.8973 21.93171 60.46487 56.0357 89.82205 54.626 33.6006 21.9545 42.75512 35.44009 59.81639 93.62158 77.20104 71.56116 84.29116 71.58911 57.77543 91.96739 27.78489 
56.58622 113.74093 89.10668 56.22277 85.15868 x 48.01042 49.81967 125.28368 75.0 74.72617 76.53104 84.59905 121.46193 82.21922 20.61553 108.04629 126.24579 103.44564 38.8973 84.40379 63.78087 125.0 73.5527 67.6757 116.21101 89.05055 129.29424 80.61017 65.76473 62.00806 47.04253 104.12012 61.61169 42.04759 126.01587 71.69379 111.78998 80.11242 80.99383 88.20431 43.56604 85.98256 38.83298 34.65545 21.0 24.83948 32.28002 57.00877 79.64923 
40.60788 144.27751 127.76932 98.79271 91.5478 48.01042 x 33.24154 147.29902 89.88882 78.18568 95.80188 116.38728 113.00442 119.88745 68.26419 125.032 159.5525 134.46933 71.02112 107.29865 102.47439 121.69634 121.41252 103.17461 123.9758 100.62306 158.44873 119.95416 113.53414 79.81228 66.48308 102.77159 98.27004 76.66159 159.66527 105.0 105.23307 75.50497 108.18965 75.0 80.5295 129.24396 83.24062 77.16217 27.01851 67.05222 65.36819 103.36827 71.70077 
8.24621 116.82893 106.25441 83.09633 58.60034 49.81967 33.24154 x 116.38728 58.79626 45.18849 65.79514 90.82401 81.3941 98.03061 64.4748 93.2309 133.14654 107.61505 51.35173 77.98718 82.76473 89.08984 114.14026 80.95678 90.82401 68.26419 129.95769 99.45853 106.09901 50.60632 40.31129 69.72087 77.36924 57.42822 133.45411 81.15417 73.02739 42.42641 80.70936 43.93177 62.28965 112.14722 71.56815 64.38167 35.8469 56.29387 48.0 92.54188 39.01282 
111.75867 29.0 61.7414 85.37564 61.61169 125.28368 147.29902 116.38728 x 57.62812 73.75636 51.62364 46.27094 83.38465 60.72891 116.10771 24.69818 40.71855 33.54102 86.40023 41.23106 72.24957 71.0 117.00427 64.03124 43.18565 49.81967 25.70992 66.40783 113.75852 67.74216 82.29824 68.00735 70.0 83.95237 42.04759 58.0 78.64477 83.48653 44.72136 95.77056 84.0119 81.3941 98.0816 96.62815 132.84954 102.96116 93.00538 100.44899 89.30845 
54.56189 60.92618 62.96825 59.46427 16.64332 75.0 89.88882 58.79626 57.62812 x 20.22375 9.05539 41.01219 59.81639 55.54278 72.8011 35.34119 78.18568 53.16014 39.84972 21.18962 49.92995 57.00877 98.4124 42.48529 41.59327 14.31782 72.40166 59.77458 91.92388 13.0384 28.07134 38.28838 43.82921 41.14608 78.77182 38.27532 50.21952 33.06055 28.01785 48.01042 44.41846 77.25283 61.91123 56.79789 77.88453 58.24088 44.91102 75.66373 38.32754 
39.11521 80.65358 82.38932 73.92564 13.41641 74.72617 78.18568 45.18849 73.75636 20.22375 x 29.27456 61.03278 48.25971 74.67262 78.03204 49.49747 98.03061 73.24616 47.42362 41.23106 66.48308 50.28916 112.32987 60.16644 45.88028 24.04163 91.24144 78.44743 105.20932 23.25941 30.80584 29.41088 60.16644 50.9902 98.67117 56.88585 38.27532 13.0384 48.16638 28.07134 55.44367 95.33625 72.13876 65.79514 72.00694 64.07027 50.21952 89.05055 18.11077 
62.20129 52.3259 54.34151 53.90733 24.35159 76.53104 95.80188 65.79514 51.62364 9.05539 29.27456 x 32.06244 66.57327 47.12749 71.84706 31.57531 69.46222 44.27189 39.11521 12.52996 43.27817 62.2254 92.65528 35.22783 43.08132 17.69181 64.40497 51.62364 86.55634 16.12452 31.01612 44.94441 37.48333 39.05125 70.00714 30.41381 57.3062 42.10701 19.0 57.03508 41.4367 69.35416 58.69412 54.40588 81.70679 57.42822 45.0 70.43437 47.38143 
89.15716 29.15476 23.25941 39.11521 55.9017 84.59905 116.38728 90.82401 46.27094 41.01219 61.03278 32.06244 x 95.85406 17.69181 72.12489 42.0119 43.18565 18.86796 47.01064 22.47221 26.01922 88.83693 72.44998 18.24829 63.78087 46.48656 44.72136 23.34524 68.35203 41.76123 50.77401 74.67262 24.5153 42.72002 43.27817 13.0 87.31552 74.00676 13.15295 89.0 41.14608 41.10961 52.7731 52.49762 96.54015 60.41523 53.60037 54.34151 79.1012 
73.24616 103.81715 119.1008 119.2057 43.27817 121.46193 113.00442 81.3941 83.38465 59.81639 48.25971 66.57327 95.85406 x 112.69871 126.24579 62.20129 120.33703 100.43904 95.42536 73.40981 109.62208 14.42221 158.14234 101.789 40.1995 49.64877 108.01852 117.64778 151.48597 69.31089 79.05694 21.63331 103.60019 98.49365 121.41252 96.89685 10.0 41.4367 83.19255 38.01316 102.59142 135.59499 119.75391 113.70136 114.97826 112.32987 98.47335 135.20725 42.95346 
97.74457 37.05401 8.24621 28.79236 71.47027 82.21922 119.88745 98.03061 60.72891 55.54278 74.67262 47.12749 17.69181 112.69871 x 66.37017 59.5483 45.18849 28.16026 48.8774 39.44617 18.43909 106.23088 56.30275 17.08801 81.46779 63.07139 52.46904 5.83095 53.15073 53.0 57.97413 91.28527 21.63331 43.26662 44.72136 18.0 103.87011 87.69265 29.52965 102.70346 39.82462 23.43075 45.65085 47.80167 97.30879 57.38467 54.6443 41.01219 92.34717 
69.83552 100.65784 72.42237 38.41875 86.00581 20.61553 68.26419 64.4748 116.10771 72.8011 78.03204 71.84706 72.12489 126.24579 66.37017 x 102.12248 111.41364 90.47652 32.98485 77.0 48.30114 127.47549 53.15073 54.08327 114.2366 87.09191 116.456 63.82006 45.27693 60.08328 47.41308 106.89247 47.75982 33.06055 111.01802 59.20304 116.28413 86.21485 71.44928 96.87621 32.14032 66.8431 20.80865 19.64688 41.30375 14.56022 28.23119 36.67424 87.11487 
88.09086 41.7732 63.70243 77.62087 37.01351 108.04629 125.032 93.2309 24.69818 35.34119 49.49747 31.57531 42.0119 62.20129 59.5483 102.12248 x 58.13777 39.81206 70.06426 25.4951 64.88451 51.66237 113.87713 55.9464 23.76973 25.45584 46.52956 65.29931 109.12836 47.12749 62.36185 44.55334 60.74537 69.06519 59.21149 49.65884 56.0803 58.82176 33.61547 71.11962 70.45566 82.75869 86.68333 83.60024 112.89376 88.00568 76.23647 94.02127 64.63745 
130.73638 17.46425 40.5216 73.92564 89.05055 126.24579 159.5525 133.14654 40.71855 78.18568 98.03061 69.46222 43.18565 120.33703 45.18849 111.41364 58.13777 x 25.55386 89.87213 57.00877 63.13478 109.32978 94.0 58.60034 81.04937 77.27872 16.27882 48.70318 93.34345 82.8553 93.60021 102.04411 64.63745 85.14693 1.41421 55.22681 114.00439 110.16351 52.47857 124.42669 82.80097 56.00893 90.78546 92.43917 139.44533 101.51355 96.33276 84.40379 115.80155 
105.1903 10.29563 28.23119 55.44367 65.27634 103.44564 134.46933 107.61505 33.54102 53.16014 73.24616 44.27189 18.86796 100.43904 28.16026 90.47652 39.81206 25.55386 x 65.80274 32.01562 42.95346 91.08238 83.9345 36.40055 63.56099 54.00926 26.0 33.54102 81.21576 57.3062 68.24954 80.62258 42.72002 61.58734 25.94224 31.76476 93.05912 85.70298 26.92582 100.2846 59.94164 47.85394 70.60453 70.93659 115.25624 79.15807 72.42237 69.02898 91.21952 
53.03772 76.02631 56.82429 32.06244 53.7122 38.8973 71.02112 51.35173 86.40023 39.84972 47.42362 39.11521 47.01064 95.42536 48.8774 32.98485 70.06426 89.87213 65.80274 x 45.70558 31.95309 95.38344 67.1193 32.20248 81.25269 54.12024 91.26883 49.24429 59.48109 27.313 17.20465 75.16648 27.29469 6.08276 89.82761 34.65545 85.42833 57.62812 42.15448 70.49113 11.0 60.82763 25.0 18.38478 49.57822 18.43909 6.7082 44.01136 59.90826 
74.63243 39.81206 45.69464 52.7731 34.05877 84.40379 107.29865 77.98718 41.23106 21.18962 41.23106 12.52996 22.47221 73.40981 39.44617 77.0 25.4951 57.00877 32.01562 45.70558 x 40.49691 66.85058 90.21086 31.62278 43.41659 24.04163 52.00961 44.65423 84.90583 27.58623 41.34005 52.20153 35.77709 44.04543 57.58472 25.6125 64.84597 53.75872 10.0 68.46897 45.09989 62.68174 61.18823 58.21512 91.67879 63.12686 52.17279 69.35416 59.22837 
83.48653 52.88667 25.6125 13.15295 66.57327 63.78087 102.47439 82.76473 72.24957 49.92995 66.48308 43.27817 26.01922 109.62208 18.43909 48.30114 64.88451 63.13478 42.95346 31.95309 40.49691 x 105.41821 49.81967 8.94427 83.81527 60.87693 68.68042 17.49286 44.41846 43.32436 44.01136 88.00568 6.32456 26.0 62.76942 15.23155 100.12492 79.05694 31.30495 93.68031 21.9545 30.01666 27.85678 29.41088 79.20227 38.94868 37.12142 29.15476 82.96987 
81.22192 93.39165 112.00446 116.0431 41.67733 125.0 121.69634 89.08984 71.0 57.00877 50.28916 62.2254 88.83693 14.42221 106.23088 127.47549 51.66237 109.32978 91.08238 95.38344 66.85058 105.41821 x 154.87091 97.08244 28.28427 44.55334 96.18732 111.50336 148.66069 68.26419 80.11242 20.88061 99.70456 97.63708 110.47624 91.67879 17.08801 47.04253 76.844 47.80167 101.2571 129.52992 118.71394 113.20777 120.81391 113.14592 99.28243 132.45754 50.08992 
117.8813 91.59148 56.08921 38.94868 114.86514 73.5527 121.41252 114.14026 117.00427 98.4124 112.32987 92.65528 72.44998 158.14234 56.30275 53.15073 113.87713 94.0 83.9345 67.1193 90.21086 49.81967 154.87091 x 58.60034 133.60015 110.34491 105.68349 50.59644 8.06226 89.40358 84.07735 136.69309 55.22681 62.17717 93.00538 64.63745 148.39474 123.82245 80.70936 137.35356 57.3062 38.01316 43.01163 50.28916 94.42987 57.87055 67.6757 23.32381 126.65702 
80.80842 46.61545 25.29822 21.84033 59.05929 67.6757 103.17461 80.95678 64.03124 42.48529 60.16644 35.22783 18.24829 101.789 17.08801 54.08327 55.9464 58.60034 36.40055 32.20248 31.62278 8.94427 97.08244 58.60034 x 75.0 52.63079 62.39391 19.0263 53.33854 37.48333 41.0 80.1561 6.32456 26.90725 58.41233 6.32456 92.43917 73.00685 22.36068 87.86353 24.20744 35.17101 34.52535 34.53983 81.34494 43.04649 38.28838 38.07887 77.27872 
84.17244 65.25335 86.40023 95.71834 32.75668 116.21101 123.9758 90.82401 43.18565 41.59327 45.88028 43.08132 63.78087 40.1995 81.46779 114.2366 23.76973 81.04937 63.56099 81.25269 43.41659 83.81527 28.28427 133.60015 75.0 x 27.29469 68.02941 87.04596 128.14055 54.58938 69.18092 27.20294 78.77182 81.90849 82.20097 69.02898 36.05551 50.24938 53.15073 58.69412 84.50444 104.89042 101.76935 97.40637 116.84177 99.68952 86.49277 112.36103 55.47071 
62.80127 59.84146 69.64194 71.58911 12.08305 89.05055 100.62306 68.26419 49.81967 14.31782 24.04163 17.69181 46.48656 49.64877 63.07139 87.09191 25.45584 77.27872 54.00926 54.12024 24.04163 60.87693 44.55334 110.34491 52.63079 27.29469 x 68.70953 68.0 104.23531 27.29469 42.0119 28.23119 55.15433 55.15433 78.08969 47.43416 40.8534 34.0 33.61547 47.43416 58.13777 85.95929 75.591 70.77429 90.80198 72.53275 59.22837 88.09086 39.82462 
126.60569 15.81139 50.01 80.80842 80.77747 129.29424 158.44873 129.95769 25.70992 72.40166 91.24144 64.40497 44.72136 108.01852 52.46904 116.456 46.52956 16.27882 26.0 91.26883 52.00961 68.68042 96.18732 105.68349 62.39391 68.02941 68.70953 x 57.14018 104.07689 79.39773 91.96739 91.08238 68.70953 87.32125 17.69181 57.69749 102.48902 102.55243 50.32892 116.10771 85.86617 67.89698 96.46243 96.93297 140.42792 105.11898 97.94386 93.34345 108.33744 
99.63935 42.0119 8.60233 25.55386 75.96052 80.61017 119.95416 99.45853 66.40783 59.77458 78.44743 51.62364 23.34524 117.64778 5.83095 63.82006 65.29931 48.70318 33.54102 49.24429 44.65423 17.49286 111.50336 50.59644 19.0263 87.04596 68.0 57.14018 x 47.67599 56.22277 59.84146 96.15092 22.13594 43.38202 48.10405 21.58703 108.68763 91.41116 34.66987 106.36729 39.44617 18.02776 43.01163 45.96738 96.60745 55.9017 54.58938 36.22154 95.88535 
109.8954 89.4539 54.08327 32.64966 108.24509 65.76473 113.53414 106.09901 113.75852 91.92388 105.20932 86.55634 68.35203 151.48597 53.15073 45.27693 109.12836 93.34345 81.21576 59.48109 84.90583 44.41846 148.66069 8.06226 53.33854 128.14055 104.23531 104.07689 47.67599 x 82.46211 76.53757 130.13839 49.40648 54.70832 92.43917 59.5399 141.67569 116.50322 75.66373 129.86531 49.92995 37.65634 35.1141 42.37924 86.57944 49.81967 59.80803 16.27882 119.20151 
47.88528 66.28725 61.03278 50.77401 26.62705 62.00806 79.81228 50.60632 67.74216 13.0384 23.25941 16.12452 41.76123 69.31089 53.0 60.08328 47.12749 82.8553 57.3062 27.313 27.58623 43.32436 68.26419 89.40358 37.48333 54.58938 27.29469 79.39773 56.22277 82.46211 x 15.29706 48.41487 37.0 29.41088 83.24062 35.0 59.39697 35.73514 30.41381 50.44799 33.30165 72.56721 50.60632 44.94441 65.78754 45.54119 32.01562 66.21933 39.81206 
39.81206 77.89737 66.21933 47.53946 38.8973 47.04253 66.48308 40.31129 82.29824 28.07134 30.80584 31.01612 50.77401 79.05694 57.97413 47.41308 62.36185 93.60021 68.24954 17.20465 41.34005 44.01136 80.11242 84.07735 41.0 69.18092 42.0119 91.96739 59.84146 76.53757 15.29706 x 59.48109 38.11824 21.93171 93.81365 40.8534 69.06519 40.45986 41.72529 53.33854 26.92582 74.0 42.2019 35.4683 50.69517 33.28663 19.41649 60.83584 42.72002 
62.16912 85.00588 97.86215 97.74457 21.93171 104.12012 102.77159 69.72087 68.00735 38.28838 29.41088 44.94441 74.67262 21.63331 91.28527 106.89247 44.55334 102.04411 80.62258 75.16648 52.20153 88.00568 20.88061 136.69309 80.1561 27.20294 28.23119 91.08238 96.15092 130.13839 48.41487 59.48109 x 82.0061 77.80103 103.01942 75.29276 12.64911 27.29469 61.84658 32.20248 81.68843 114.06139 99.0202 93.2309 100.31949 92.66067 78.77182 113.86395 31.32092 
77.78175 52.92447 29.52965 17.0 60.46487 61.61169 98.27004 77.36924 70.0 43.82921 60.16644 37.48333 24.5153 103.60019 21.63331 47.75982 60.74537 64.63745 42.72002 27.29469 35.77709 6.32456 99.70456 55.22681 6.32456 78.77182 55.15433 68.70953 22.13594 49.40648 37.0 38.11824 82.0061 x 21.63331 64.40497 12.0 94.04786 72.73239 27.20294 87.36132 18.38478 36.12478 28.28427 28.23119 75.82216 36.89173 33.01515 33.61547 76.65507 
59.00847 71.86793 51.10773 26.1725 56.0357 42.04759 76.66159 57.42822 83.95237 41.14608 50.9902 39.05125 42.72002 98.49365 43.26662 33.06055 69.06519 85.14693 61.58734 6.08276 44.04543 26.0 97.63708 62.17717 26.90725 81.90849 55.15433 87.32125 43.38202 54.70832 29.41088 21.93171 77.80103 21.63331 x 85.04117 30.0 88.52683 61.85467 39.29377 75.17978 5.09902 54.74486 21.26029 15.65248 54.45181 19.10497 11.40175 38.91015 64.49806 
131.12589 18.24829 39.84972 73.40981 89.82205 126.01587 159.66527 133.45411 42.04759 78.77182 98.67117 70.00714 43.27817 121.41252 44.72136 111.01802 59.21149 1.41421 25.94224 89.82761 57.58472 62.76942 110.47624 93.00538 58.41233 82.20097 78.08969 17.69181 48.10405 92.43917 83.24062 93.81365 103.01942 64.40497 85.04117 x 55.17246 115.01739 110.86027 52.83938 125.17188 82.61961 55.03635 90.35486 92.11406 139.38795 101.2571 96.26006 83.67795 116.48176 
80.36168 42.05948 26.07681 28.16026 54.626 71.69379 105.0 81.15417 58.0 38.27532 56.88585 30.41381 13.0 96.89685 18.0 59.20304 49.65884 55.22681 31.76476 34.65545 25.6125 15.23155 91.67879 64.63745 6.32456 69.02898 47.43416 57.69749 21.58703 59.5399 35.0 40.8534 75.29276 12.0 30.0 55.17246 x 87.70975 69.87131 16.12452 84.85281 28.17801 39.0 40.1995 39.56008 84.21995 47.42362 41.10961 44.38468 74.43118 
65.0 97.12878 110.49434 109.48059 33.6006 111.78998 105.23307 73.02739 78.64477 50.21952 38.27532 57.3062 87.31552 10.0 103.87011 116.28413 56.0803 114.00439 93.05912 85.42833 64.84597 100.12492 17.08801 148.39474 92.43917 36.05551 40.8534 102.48902 108.68763 141.67569 59.39697 69.06519 12.64911 94.04786 88.52683 115.01739 87.70975 x 32.01562 74.46476 30.80584 92.65528 126.56224 109.78616 103.71114 105.90562 102.34256 88.48164 125.39936 34.1321 
34.9285 92.72001 95.42536 85.86617 21.9545 80.11242 75.50497 42.42641 83.48653 33.06055 13.0384 42.10701 74.00676 41.4367 87.69265 86.21485 58.82176 110.16351 85.70298 57.62812 53.75872 79.05694 47.04253 123.82245 73.00685 50.24938 34.0 102.55243 91.41116 116.50322 35.73514 40.45986 27.29469 72.73239 61.85467 110.86027 69.87131 32.01562 x 61.07373 15.0333 66.57327 108.17116 82.61961 75.9276 73.97973 72.91776 59.39697 100.49876 5.83095 
78.29432 36.23534 36.05551 44.01136 42.75512 80.99383 108.18965 80.70936 44.72136 28.01785 48.16638 19.0 13.15295 83.19255 29.52965 71.44928 33.61547 52.47857 26.92582 42.15448 10.0 31.30495 76.844 80.70936 22.36068 53.15073 33.61547 50.32892 34.66987 75.66373 30.41381 41.72529 61.84658 27.20294 39.29377 52.83938 16.12452 74.46476 61.07373 x 76.02631 39.31921 52.69725 54.14795 52.08647 90.42677 58.24946 48.8467 60.41523 66.27217 
35.69314 106.96261 110.45361 99.92497 35.44009 88.20431 75.0 43.93177 95.77056 48.01042 28.07134 57.03508 89.0 38.01316 102.70346 96.87621 71.11962 124.42669 100.2846 70.49113 68.46897 93.68031 47.80167 137.35356 87.86353 58.69412 47.43416 116.10771 106.36729 129.86531 50.44799 53.33854 32.20248 87.36132 75.17978 125.17188 84.85281 30.80584 15.0333 76.02631 x 80.06248 123.0 95.41488 88.48164 78.77182 84.38602 71.40028 114.06139 10.77033 
64.03124 70.23532 47.43416 21.09502 59.81639 43.56604 80.5295 62.28965 84.0119 44.41846 55.44367 41.4367 41.14608 102.59142 39.82462 32.14032 70.45566 82.80097 59.94164 11.0 45.09989 21.9545 101.2571 57.3062 24.20744 84.50444 58.13777 85.86617 39.44617 49.92995 33.30165 26.92582 81.68843 18.38478 5.09902 82.61961 28.17801 92.65528 66.57327 39.31921 80.06248 x 50.01 17.49286 13.15295 57.48913 19.31321 15.23155 34.0 69.35416 
113.28283 54.40588 19.72308 30.46309 93.62158 85.98256 129.24396 112.14722 81.3941 77.25283 95.33625 69.35416 41.10961 135.59499 23.43075 66.8431 82.75869 56.00893 47.85394 60.82763 62.68174 30.01666 129.52992 38.01316 35.17101 104.89042 85.95929 67.89698 18.02776 37.65634 72.56721 74.0 114.06139 36.12478 54.74486 55.03635 39.0 126.56224 108.17116 52.69725 123.0 50.01 x 47.16991 52.3259 104.20173 62.6099 65.0 32.20248 112.37882 
74.95332 80.65358 51.61395 17.69181 77.20104 38.83298 83.24062 71.56815 98.0816 61.91123 72.13876 58.69412 52.7731 119.75391 45.65085 20.80865 86.68333 90.78546 70.60453 25.0 61.18823 27.85678 118.71394 43.01163 34.52535 101.76935 75.591 96.46243 43.01163 35.1141 50.60632 42.2019 99.0202 28.28427 21.26029 90.35486 40.1995 109.78616 82.61961 54.14795 95.41488 17.49286 47.16991 x 7.28011 57.38467 16.27882 24.69818 21.0238 84.87638 
67.68309 81.15417 54.48853 21.9545 71.56116 34.65545 77.16217 64.38167 96.62815 56.79789 65.79514 54.40588 52.49762 113.70136 47.80167 19.64688 83.60024 92.43917 70.93659 18.38478 58.21512 29.41088 113.20777 50.28916 34.53983 97.40637 70.77429 96.93297 45.96738 42.37924 44.94441 35.4683 93.2309 28.23119 15.65248 92.11406 39.56008 103.71114 75.9276 52.08647 88.48164 13.15295 52.3259 7.28011 x 51.88449 10.29563 17.46425 28.16026 78.00641 
43.82921 125.4193 104.80935 73.82412 84.29116 21.0 27.01851 35.8469 132.84954 77.88453 72.00694 81.70679 96.54015 114.97826 97.30879 41.30375 112.89376 139.44533 115.25624 49.57822 91.67879 79.20227 120.81391 94.42987 81.34494 116.84177 90.80198 140.42792 96.60745 86.57944 65.78754 50.69517 100.31949 75.82216 54.45181 139.38795 84.21995 105.90562 73.97973 90.42677 78.77182 57.48913 104.20173 57.38467 51.88449 x 41.59327 43.13931 76.92204 72.03471 
60.40695 89.44272 64.3506 32.24903 71.58911 24.83948 67.05222 56.29387 102.96116 58.24088 64.07027 57.42822 60.41523 112.32987 57.38467 14.56022 88.00568 101.51355 79.15807 18.43909 63.12686 38.94868 113.14592 57.87055 43.04649 99.68952 72.53275 105.11898 55.9017 49.81967 45.54119 33.28663 92.66067 36.89173 19.10497 101.2571 47.42362 102.34256 72.91776 58.24946 84.38602 19.31321 62.6099 16.27882 10.29563 41.59327 x 13.89244 37.05401 74.27651 
50.63596 82.66196 62.43397 35.22783 57.77543 32.28002 65.36819 48.0 93.00538 44.91102 50.21952 45.0 53.60037 98.47335 54.6443 28.23119 76.23647 96.33276 72.42237 6.7082 52.17279 37.12142 99.28243 67.6757 38.28838 86.49277 59.22837 97.94386 54.58938 59.80803 32.01562 19.41649 78.77182 33.01515 11.40175 96.26006 41.10961 88.48164 59.39697 48.8467 71.40028 15.23155 65.0 24.69818 17.46425 43.13931 13.89244 x 45.12206 61.07373 
95.70789 78.05767 43.93177 16.64332 91.96739 57.00877 103.36827 92.54188 100.44899 75.66373 89.05055 70.43437 54.34151 135.20725 41.01219 36.67424 94.02127 84.40379 69.02898 44.01136 69.35416 29.15476 132.45754 23.32381 38.07887 112.36103 88.09086 93.34345 36.22154 16.27882 66.21933 60.83584 113.86395 33.61547 38.91015 83.67795 44.38468 125.39936 100.49876 60.41523 114.06139 34.0 32.20248 21.0238 28.16026 76.92204 37.05401 45.12206 x 103.35376 
31.14482 98.37174 100.17984 89.15716 27.78489 79.64923 71.70077 39.01282 89.30845 38.32754 18.11077 47.38143 79.1012 42.95346 92.34717 87.11487 64.63745 115.80155 91.21952 59.90826 59.22837 82.96987 50.08992 126.65702 77.27872 55.47071 39.82462 108.33744 95.88535 119.20151 39.81206 42.72002 31.32092 76.65507 64.49806 116.48176 74.43118 34.1321 5.83095 66.27217 10.77033 69.35416 112.37882 84.87638 78.00641 72.03471 74.27651 61.07373 103.35376 x 
