e 0 4 1
e 0 6 1
e 0 7 1
e 0 9 1
e 0 11 1
e 0 12 1
e 0 14 1
e 0 19 1
e 1 5 1
e 1 10 1
e 1 13 1
e 1 14 1
e 1 17 1
e 1 19 1
e 2 8 1
e 2 10 1
e 2 11 1
e 2 13 1
e 2 14 1
e 3 7 1
e 3 8 1
e 3 9 1
e 3 10 1
e 3 14 1
e 3 16 1
e 3 17 1
e 4 5 1
e 4 6 1
e 4 8 1
e 4 10 1
e 4 14 1
e 4 16 1
e 4 17 1
e 4 18 1
e 4 19 1
e 5 6 1
e 5 10 1
e 5 13 1
e 5 15 1
e 5 18 1
e 6 8 1
e 6 13 1
e 6 14 1
e 6 16 1
e 6 17 1
e 6 19 1
e 7 8 1
e 7 9 1
e 7 10 1
e 7 11 1
e 7 12 1
e 7 15 1
e 7 17 1
e 7 18 1
e 7 19 1
e 8 9 1
e 8 11 1
e 8 12 1
e 8 13 1
e 8 14 1
e 8 15 1
e 8 16 1
e 8 18 1
e 9 12 1
e 9 14 1
e 9 15 1
e 9 16 1
e 9 17 1
e 9 19 1
e 10 13 1
e 10 15 1
e 10 16 1
e 10 17 1
e 11 14 1
e 11 18 1
e 11 19 1
e 12 14 1
e 12 15 1
e 12 16 1
e 12 19 1
e 13 16 1
e 13 17 1
e 13 18 1
e 14 16 1
e 14 17 1
e 15 16 1
e 15 17 1
e 15 18 1
e 18 19 1
