e 0 1 16.0
e 0 2 16.0
e 0 3 16.0
e 0 4 16.0
e 0 5 16.0
e 5 6 16.0
e 5 9 16.0
e 6 7 16.0
e 7 8 16.0
e 9 10 16.0
e 9 12 16.0
e 10 11 16.0
e 12 13 16.0
e 12 14 16.0
e 14 15 16.0
e 14 19 16.0
e 15 16 16.0
e 16 17 16.0
e 16 18 16.0
e 19 20 16.0
e 19 21 16.0
e 19 22 16.0
e 19 23 16.0
e 19 24 16.0
e 24 25 16.0
e 24 28 16.0
e 25 26 16.0
e 26 27 16.0
e 28 29 16.0
e 28 31 16.0
e 29 30 16.0
e 31 32 16.0
e 31 33 16.0
e 33 34 16.0
e 33 38 16.0
e 34 35 16.0
e 35 36 16.0
e 35 37 16.0
e 38 39 16.0
e 38 40 16.0
e 38 41 16.0
e 38 42 16.0
e 38 43 16.0
e 43 44 16.0
e 43 47 16.0
e 44 45 16.0
e 45 46 16.0
e 47 48 16.0
e 47 50 16.0
e 48 49 16.0
e 50 51 16.0
e 50 52 16.0
e 52 53 16.0
e 52 57 16.0
e 53 54 16.0
e 54 55 16.0
e 54 56 16.0
e 57 58 16.0
e 57 59 16.0
e 57 60 16.0
e 57 61 16.0
e 57 62 16.0
e 62 63 16.0
e 62 66 16.0
e 63 64 16.0
e 64 65 16.0
e 66 67 16.0
e 66 69 16.0
e 67 68 16.0
e 69 70 16.0
e 69 71 16.0
e 71 72 16.0
e 71 76 16.0
e 72 73 16.0
e 73 74 16.0
e 73 75 16.0
e 76 77 16.0
e 76 78 16.0
e 76 79 16.0
e 76 80 16.0
e 76 81 16.0
e 81 82 16.0
e 81 85 16.0
e 82 83 16.0
e 83 84 16.0
e 85 86 16.0
e 85 88 16.0
e 86 87 16.0
e 88 89 16.0
e 88 90 16.0
e 90 91 16.0
e 90 95 16.0
e 91 92 16.0
e 92 93 16.0
e 92 94 16.0
e 95 96 16.0
e 95 97 16.0
e 95 98 16.0
e 95 99 16.0
e 95 100 16.0
e 100 101 16.0
e 100 104 16.0
e 101 102 16.0
e 102 103 16.0
e 104 105 16.0
e 104 107 16.0
e 105 106 16.0
e 107 108 16.0
e 107 109 16.0
e 109 110 16.0
e 109 114 16.0
e 110 111 16.0
e 111 112 16.0
e 111 113 16.0
e 114 115 16.0
e 114 116 16.0
e 114 117 16.0
e 114 118 16.0
e 114 119 16.0
e 119 120 16.0
e 119 123 16.0
e 120 121 16.0
e 121 122 16.0
e 123 124 16.0
e 123 126 16.0
e 124 125 16.0
e 126 127 16.0
e 126 128 16.0
e 128 129 16.0
e 128 133 16.0
e 129 130 16.0
e 130 131 16.0
e 130 132 16.0
e 133 134 16.0
e 133 135 16.0
e 133 136 16.0
e 133 137 16.0
e 133 138 16.0
e 138 139 16.0
e 138 142 16.0
e 139 140 16.0
e 140 141 16.0
e 142 143 16.0
e 142 145 16.0
e 143 144 16.0
e 145 146 16.0
e 145 147 16.0
e 147 148 16.0
e 147 152 16.0
e 148 149 16.0
e 149 150 16.0
e 149 151 16.0
e 152 153 16.0
e 152 154 16.0
e 152 155 16.0
e 152 156 16.0
e 152 157 16.0
e 157 158 16.0
e 157 161 16.0
e 158 159 16.0
e 159 160 16.0
e 161 162 16.0
e 161 164 16.0
e 162 163 16.0
e 164 165 16.0
e 164 166 16.0
e 166 167 16.0
e 166 171 16.0
e 167 168 16.0
e 168 169 16.0
e 168 170 16.0
e 171 172 16.0
e 171 173 16.0
e 171 174 16.0
e 171 175 16.0
e 171 176 16.0
e 176 177 16.0
e 176 180 16.0
e 177 178 16.0
e 178 179 16.0
e 180 181 16.0
e 180 183 16.0
e 181 182 16.0
e 183 184 16.0
e 183 185 16.0
e 185 186 16.0
e 185 190 16.0
e 186 187 16.0
e 187 188 16.0
e 187 189 16.0
e 190 191 16.0
e 190 192 16.0
e 190 193 16.0
e 190 194 16.0
e 190 195 16.0
e 195 196 16.0
e 195 199 16.0
e 196 197 16.0
e 197 198 16.0
