c Total cost of tree 1259.15236
e 15.0 171.0 1.0
e 5.0 65.0 1.0
e 43.0 78.0 1.41421
e 35.0 64.0 1.41421
e 111.0 160.0 1.41421
e 88.0 127.0 1.41421
e 69.0 89.0 1.41421
e 51.0 153.0 2.0
e 45.0 84.0 2.23607
e 30.0 189.0 2.23607
e 18.0 128.0 2.23607
e 14.0 30.0 2.23607
e 11.0 109.0 2.23607
e 135.0 150.0 2.23607
e 92.0 128.0 2.23607
e 86.0 131.0 2.23607
e 82.0 177.0 2.23607
e 78.0 104.0 2.23607
e 2.0 177.0 2.23607
e 61.0 125.0 2.23607
e 56.0 188.0 2.23607
e 40.0 100.0 2.82843
e 18.0 122.0 2.82843
e 104.0 114.0 2.82843
e 3.0 12.0 2.82843
e 27.0 88.0 3.0
e 13.0 88.0 3.0
e 8.0 27.0 3.0
e 98.0 105.0 3.0
e 93.0 194.0 3.0
e 68.0 167.0 3.0
e 25.0 174.0 3.16228
e 21.0 79.0 3.16228
e 19.0 69.0 3.16228
e 74.0 150.0 3.16228
e 54.0 131.0 3.16228
e 33.0 187.0 3.60555
e 17.0 101.0 3.60555
e 6.0 63.0 3.60555
e 162.0 183.0 3.60555
e 56.0 116.0 3.60555
e 45.0 96.0 4.0
e 10.0 190.0 4.0
e 23.0 166.0 4.12311
e 20.0 163.0 4.12311
e 17.0 28.0 4.12311
e 5.0 36.0 4.12311
e 63.0 90.0 4.12311
e 50.0 192.0 4.12311
e 9.0 112.0 4.24264
e 184.0 193.0 4.24264
e 113.0 175.0 4.24264
e 75.0 104.0 4.24264
e 44.0 191.0 4.47214
e 17.0 107.0 4.47214
e 162.0 172.0 4.47214
e 151.0 159.0 4.47214
e 150.0 155.0 4.47214
e 133.0 173.0 4.47214
e 123.0 155.0 4.47214
e 85.0 124.0 4.47214
e 31.0 56.0 5.0
e 28.0 113.0 5.0
e 16.0 58.0 5.0
e 14.0 57.0 5.0
e 6.0 147.0 5.0
e 154.0 188.0 5.0
e 143.0 182.0 5.0
e 123.0 165.0 5.0
e 90.0 196.0 5.0
e 81.0 125.0 5.0
e 57.0 180.0 5.0
e 55.0 168.0 5.0
e 49.0 80.0 5.0
e 39.0 179.0 5.09902
e 7.0 59.0 5.09902
e 138.0 148.0 5.09902
e 125.0 132.0 5.09902
e 58.0 158.0 5.09902
e 43.0 199.0 5.38516
e 31.0 142.0 5.38516
e 26.0 134.0 5.38516
e 20.0 44.0 5.38516
e 102.0 145.0 5.38516
e 61.0 174.0 5.38516
e 37.0 53.0 5.65685
e 124.0 161.0 5.65685
e 47.0 79.0 5.83095
e 29.0 39.0 5.83095
e 15.0 99.0 5.83095
e 13.0 24.0 5.83095
e 182.0 198.0 5.83095
e 126.0 144.0 5.83095
e 70.0 134.0 5.83095
e 156.0 168.0 6.0
e 59.0 185.0 6.0
e 53.0 102.0 6.08276
e 41.0 67.0 6.32456
e 1.0 32.0 6.32456
e 138.0 140.0 6.32456
e 128.0 139.0 6.32456
e 115.0 147.0 6.32456
e 101.0 186.0 6.32456
e 22.0 106.0 6.40312
e 22.0 70.0 6.40312
e 6.0 52.0 6.40312
e 127.0 130.0 6.40312
e 89.0 136.0 6.40312
e 47.0 60.0 6.7082
e 94.0 114.0 6.7082
e 48.0 171.0 6.7082
e 38.0 190.0 7.0
e 110.0 120.0 7.0
e 67.0 153.0 7.0
e 62.0 118.0 7.0
e 38.0 48.0 7.07107
e 33.0 71.0 7.07107
e 24.0 156.0 7.07107
e 158.0 191.0 7.07107
e 142.0 187.0 7.07107
e 59.0 95.0 7.07107
e 13.0 145.0 7.2111
e 129.0 191.0 7.2111
e 96.0 118.0 7.2111
e 81.0 192.0 7.2111
e 77.0 120.0 7.2111
e 70.0 124.0 7.2111
e 66.0 71.0 7.2111
e 140.0 195.0 7.28011
e 105.0 199.0 7.28011
e 67.0 149.0 7.28011
e 117.0 160.0 7.61577
e 89.0 139.0 7.61577
e 2.0 97.0 7.61577
e 42.0 175.0 7.81025
e 34.0 111.0 7.81025
e 23.0 77.0 7.81025
e 95.0 100.0 7.81025
e 90.0 197.0 7.81025
e 76.0 190.0 7.81025
e 37.0 176.0 8.06226
e 24.0 179.0 8.06226
e 62.0 178.0 8.06226
e 62.0 146.0 8.06226
e 52.0 92.0 8.06226
e 49.0 137.0 8.06226
e 30.0 163.0 8.24621
e 10.0 94.0 8.24621
e 79.0 108.0 8.24621
e 50.0 137.0 8.24621
e 0.0 14.0 8.544
e 9.0 170.0 8.544
e 100.0 109.0 8.544
e 141.0 147.0 8.60233
e 1.0 198.0 8.94427
e 32.0 103.0 8.94427
e 23.0 152.0 8.94427
e 83.0 140.0 8.94427
e 73.0 129.0 8.94427
e 1.0 22.0 9.0
e 58.0 157.0 9.0
e 45.0 166.0 9.05539
e 26.0 133.0 9.05539
e 84.0 149.0 9.05539
e 83.0 112.0 9.05539
e 53.0 157.0 9.05539
e 40.0 113.0 9.21954
e 19.0 185.0 9.21954
e 4.0 93.0 9.21954
e 103.0 170.0 9.21954
e 3.0 154.0 9.21954
e 122.0 142.0 9.43398
e 65.0 195.0 9.48683
e 51.0 73.0 9.48683
e 165.0 172.0 9.84886
e 60.0 144.0 9.84886
e 180.0 184.0 10.04988
e 75.0 130.0 10.04988
e 64.0 108.0 10.19804
e 169.0 194.0 10.29563
e 91.0 151.0 10.29563
e 87.0 198.0 10.29563
e 3.0 151.0 10.44031
e 80.0 143.0 10.44031
e 54.0 143.0 10.63015
e 74.0 148.0 10.77033
e 46.0 152.0 10.81665
e 82.0 164.0 10.81665
e 75.0 86.0 11.04536
e 2.0 9.0 11.18034
e 176.0 181.0 11.18034
e 121.0 144.0 11.18034
e 71.0 77.0 11.31371
e 9.0 119.0 11.40175
e 81.0 121.0 11.40175
e 52.0 169.0 11.6619
e 34.0 151.0 12.04159
e 57.0 72.0 13.89244
e 138.0 167.0 15.6205
